snp-dists 0.8.2	NC_009497	227	GCA_018594715	GCA_029989345	GCA_001929505	SRR10958111	243-B21	GCA_009857975	GCA_009850655	GCA_018591955	GCA_018593635	SRR10958115	GCA_018591875	GCA_018593955	GCA_018593495	GCA_018594075	GCA_009851735	SRR10958113	GCA_020423375	GCA_018592115	GCA_018591815	GCA_029536715	SRR10958193	GCA_003354265	240	GCA_009850125	GCA_009849885	GCA_016453825	GB000944	GCA_018592295	GCA_018594215	222A	SRR17119145	234	GCA_018593675	GCA_016452465	GCA_018593735	GCA_018593745	GCA_020422985	GCA_018591855	SRR10958101	GCA_018594415	GCA_009850225	GCA_000219375	GCA_029855505	GCA_018593195	GCA_018592415	GCA_018592085	GCA_009850275	GCA_018594025	GCA_009850905	223	GCA_016452865	GCA_018592055	GCA_016453185	GCA_013423725	228	GCA_016452745	SCOT3	GCA_009850255	GCA_018592555	GCA_018594295	GCA_009850175	SRR10958130	GCA_016453325	245	GCA_018591835	SRR20305655	GCA_018591965	GCA_018591995	GCA_016453045	GCA_029989505	SCOT2	GCA_016452845	SRR20305624	GCA_011996525	GCA_009850405	GCA_009851565	GCA_018592175	SRR12686435	GCA_009849005	GCA_009852155	GCA_018593615	GB18000923	GCA_009156025	230-B21	SRR12673179	GCA_029855745	GCA_009849495	GCA_009850305	GCA_009850365	GCA_009849845	GCA_018592815	GCA_029855765	GCA_009848995	GCA_001930225	GCA_020423725	SRR3954761	SRR3954835	GCA_018592155	SCOT4	GCA_009849055	221	GCA_009851965	SRR12673135	224	241	GB18001319	SCOT1	SRR17119177	GCA_003354305	GCA_000183385	GCA_016453545	GCA_009850185	GCA_018593515	GCA_009850755	GCA_009850065	SRR12674172	GCA_003354425	GCA_018592275	GCA_009851545	226-B21	GCA_009848695	GCA_018593395	GCA_016452505	GCA_018594125	SRR17119126	GCA_029855805	229-B21	GCA_009849465	GCA_009848775	GB17005644	GCA_018593755	GCA_009850675	GCA_009852305	GCA_003354285	GCA_009851715	GCA_018593965	224B21	GCA_029855485	GCA_018593995
NC_009497	0	45559	45578	44762	45531	45288	45453	45323	45490	45542	45686	45220	45539	45598	45513	45314	45429	45499	45606	45465	44734	45630	45215	45472	45456	45702	45553	37818	45458	45714	45506	45481	45630	45379	45285	28474	45537	45583	45577	45620	45587	45537	45722	45694	45635	45757	45420	45722	45231	45576	38675	45417	28572	45091	36121	45623	45412	37191	45524	45203	45486	45403	45747	45434	36389	45450	45576	45197	45597	45637	30960	45507	45524	45534	45046	45726	45488	45385	45610	45553	45009	45705	45748	45424	45145	45382	45623	45223	45422	45530	45513	45497	45627	45528	45609	45422	45563	44985	45575	45591	45422	45667	45487	45655	45614	45421	45205	45576	45466	45494	45537	45395	29682	45451	45587	42778	45356	45528	45709	45644	45570	45352	45523	45072	36137	45610	45767	45543	45473	45188	45806	45485	45449	45461	45655	45705	45542	45291	45445	45477	45553
227	45559	0	1500	3293	2413	4293	594	7781	6906	1430	2355	1283	1599	1678	1478	3237	5046	1296	1005	1952	3473	2939	1293	3244	1322	2758	5432	1334	1311	2879	2353	1345	2338	1244	4720	2680	2431	3655	1010	3366	596	5303	3164	3259	1210	2859	1741	3791	3186	2602	2932	1308	3341	4026	1650	2818	1330	866	1331	1597	1534	2390	2488	1299	1733	593	1256	3251	3221	3330	2044	1303	1332	663	3232	3664	7098	5056	3135	571	5990	2888	3051	1309	3260	1308	548	3546	9347	754	3896	3381	2972	529	3249	1641	1180	3196	3261	2085	1305	4200	1310	3368	547	1284	475	438	1298	2203	1710	4191	3230	3584	1142	6928	3395	550	3379	2345	2751	1327	2307	3206	1512	3423	3669	3398	1308	8141	4104	1311	1863	9214	2332	1634	4786	1444	1311	1306	1879
GCA_018594715	45578	1500	0	3467	1522	4509	1310	7707	7049	725	1795	1682	2301	1185	689	2487	4425	1692	1616	1085	3721	2092	1689	3513	1717	2302	5162	1692	1707	2250	1664	1738	1471	1641	5010	2851	1791	3141	1809	2308	1363	4926	2274	2339	1673	2582	1183	3531	3565	1844	3241	1704	3455	4202	1934	2221	1726	1596	1735	2184	737	2218	1935	1697	1285	1309	809	3432	2292	3142	2292	1697	1735	1291	3419	2783	6741	5149	2202	1289	6069	2539	2236	1705	3442	1700	1266	3808	9385	1546	4222	2750	2600	1247	2393	1339	1502	2303	2358	1159	1702	3488	1706	2557	1265	1688	1399	1369	1690	1858	1269	4401	3345	2763	701	7223	3417	1257	2808	1471	2191	1724	1658	2632	2146	3359	2783	3869	1701	8088	3711	1708	993	9243	1650	1716	4949	665	1702	1698	957
GCA_029989345	44762	3293	3467	0	3317	3420	3634	6818	6479	3338	4234	3061	3570	3782	3752	4789	6247	3059	3442	3807	602	4645	3069	2273	3078	4417	5096	2807	3074	4672	3908	3102	4010	3055	5064	2857	4392	4581	3090	3884	3365	4810	4712	4741	3928	4872	3982	3353	963	3743	638	3086	3003	3160	2513	4123	3086	2998	3097	3641	3601	4545	4571	3058	3437	3633	3748	115	4145	3539	2908	3063	3098	3453	107	4488	6383	5532	4164	3627	6648	4748	4772	3073	125	3067	3613	660	9201	2947	3418	4613	4520	3523	4648	3010	2953	4657	4710	3721	3054	5803	3074	5016	3612	3103	3320	3343	3052	4315	4087	3327	2915	3870	3775	6474	2664	3605	5083	4018	3915	3080	4238	4960	2382	5120	4488	3489	3067	7983	5274	3078	3653	9127	4104	4111	5820	3617	3066	3059	3789
GCA_001929505	45531	2413	1522	3317	0	4936	2512	7604	6996	1702	1772	2595	1994	1801	1433	1990	4030	2607	2673	983	3645	1719	2605	3946	2626	2006	4766	2733	2622	1733	1191	2649	1642	2556	4483	3070	1523	2531	2781	1582	2576	4226	1766	1709	2864	2198	1686	2657	3652	1512	3159	2637	3627	4448	2594	2541	2639	2462	2650	2165	1126	2838	2009	2610	1585	2511	1917	3300	1869	2167	2761	2611	2651	2403	3287	2226	6473	4616	1702	2501	6019	1974	2131	2621	3310	2615	2485	3724	9368	2394	4431	2049	2764	2469	1743	1520	2618	1690	1728	1254	2617	2979	2621	2100	2484	2609	2364	2335	2609	2141	2066	4838	3555	2023	1790	7256	3213	2478	2214	1649	1612	2628	1577	3220	2427	2984	2232	4529	2615	8004	3399	2623	1077	9224	1474	2538	4584	1351	2617	2616	1333
SRR10958111	45288	4293	4509	3420	4936	0	4304	7340	6684	4496	5092	4197	4519	4760	4588	5553	6906	4223	3983	4950	3362	5559	4208	3269	4236	5625	5704	3816	4242	5715	5000	4277	5005	4218	5410	3343	5188	5556	4077	5391	4183	5434	5758	5784	4576	5819	4925	5095	2834	5020	2377	4229	3162	2850	3403	4920	4252	3654	4257	4474	4623	5019	5336	4223	4035	4304	4569	3358	5225	5270	3556	4227	4258	4271	3339	5642	7173	5793	5239	4310	6959	5769	5697	4233	3356	4219	4293	3447	9204	4061	3779	5554	5309	4225	5771	4425	4017	5701	5758	4755	4219	6429	4244	5873	4292	4247	4152	4179	4221	5055	5088	125	3077	5026	4548	6712	3723	4290	6141	5012	4982	4247	5343	5419	3393	5856	5642	3770	4230	8031	6090	4248	4772	9116	5116	4809	6251	4456	4224	4216	4835
243-B21	45453	594	1310	3634	2512	4304	0	7782	6947	1330	2289	1056	1710	1788	1206	3247	5201	1047	591	2041	3788	3019	1066	3204	1079	2822	5603	981	1083	2903	2159	1119	2272	1017	4759	2629	2475	3858	665	3433	408	5475	3272	3344	818	2967	1595	4154	3509	2720	3196	1079	3326	4081	1501	3037	1102	768	1101	1469	1570	2304	2470	1067	1578	3	1090	3601	3320	3346	1920	1076	1101	240	3587	3698	6897	5094	3195	148	6159	2997	2957	1081	3611	1081	125	3868	9407	762	3916	3259	2876	106	3355	1653	752	3277	3368	2068	1072	4247	1088	3400	124	1052	340	324	1071	1978	1636	4200	3225	3601	859	6987	3395	127	3489	2272	2836	1062	2207	3219	1369	3517	3699	3288	1082	8175	4266	1090	1920	9277	2412	1329	4979	1187	1082	1080	1727
GCA_009857975	45323	7781	7707	6818	7604	7340	7782	0	2746	7631	7964	7533	7695	7685	7650	8060	5532	7577	7753	7716	6653	7831	7539	7235	7576	7985	8337	6482	7589	8022	7683	7610	7703	7495	8049	5499	8002	8064	7641	7934	7768	7925	8055	7983	7539	8127	7878	7821	6987	7850	5819	7546	5551	7381	6417	7777	7578	6733	7606	7608	7661	7847	8115	7575	6496	7781	7628	6781	7809	7660	5702	7577	7612	7769	6741	8201	2312	8195	7823	7786	6235	8135	8154	7587	6813	7568	7782	6835	5268	7642	7562	7924	7856	7643	8034	7454	7395	7970	8035	7658	7573	7857	7593	7770	7775	7592	7654	7702	7565	7766	7758	7251	5550	7377	7715	5013	7117	7764	8296	7709	7642	7576	7715	7875	6430	8000	8213	7617	7586	5754	6919	7591	7591	5174	7770	8042	5537	7466	7568	7545	7685
GCA_009850655	45490	6906	7049	6479	6996	6684	6947	2746	0	6853	7360	6862	6828	7041	7011	7429	5513	6904	6856	6973	6369	7275	6867	6615	6904	7408	8033	6011	6912	7499	7158	6941	7008	6815	7523	5123	7327	7625	6924	7329	6891	7735	7483	7453	6845	7594	7144	7196	6521	7327	5449	6866	5182	6912	5810	7237	6908	6044	6936	6766	6926	7471	7476	6898	5990	6946	6920	6470	7236	7052	5343	6907	6936	6918	6431	7652	4246	7870	7239	6957	5612	7431	7410	6913	6476	6891	6950	6545	5850	6752	6956	7576	7398	6807	7453	6927	6779	7394	7461	6951	6894	7402	6916	7202	6943	6921	6816	6845	6895	7250	7153	6620	5100	7062	7008	4058	6567	6932	7724	7014	7166	6905	7206	7298	5882	7461	7664	6953	6915	5105	5821	6920	6958	5791	7090	7424	6235	6813	6899	6871	7068
GCA_018591955	45542	1430	725	3338	1702	4496	1330	7631	6853	0	2249	1642	2054	1326	1060	2728	4624	1653	1663	1254	3656	2307	1651	3451	1671	2473	5302	1716	1668	2429	1857	1704	1504	1603	4820	2708	2074	3336	1830	2688	1373	4980	2489	2551	1871	2797	1138	3278	3608	2097	3102	1665	3294	4040	1984	2234	1687	1608	1696	1963	1105	2403	2434	1658	1322	1329	1170	3317	2567	2943	2242	1658	1696	1342	3307	3175	6507	5328	2477	1293	6200	2852	2311	1666	3327	1661	1295	3734	9340	1443	3897	2832	2675	1211	2562	1657	1493	2524	2573	1660	1663	3597	1667	2848	1294	1656	1385	1355	1656	2407	1216	4390	3190	2811	1078	7043	3327	1290	3019	1504	2479	1685	1809	2763	2211	3548	3181	3568	1662	8063	3763	1669	1281	9199	1931	1997	5108	1029	1663	1661	1040
GCA_018593635	45686	2355	1795	4234	1772	5092	2289	7964	7360	2249	0	2971	2175	1641	1410	1383	3761	2982	2430	1476	4196	1441	2979	4231	3002	1312	4778	2572	2997	1304	1485	3024	1967	2931	5172	3390	669	3284	2786	1717	2388	4914	1236	1193	2635	1559	2246	2803	4387	2161	3685	2994	3866	4964	2464	2781	3014	2366	3021	2373	1425	2954	966	2984	1766	2288	1790	4204	2074	3034	2985	2986	3022	2162	4175	1835	7311	5211	1926	2274	6232	1519	1773	2996	4212	2994	2254	4285	9030	2228	4781	2753	2919	2229	1228	2019	2597	1148	1186	1374	2986	2408	2998	1503	2253	2989	2178	2149	2984	1894	2254	4992	3844	2543	1574	7526	3561	2250	1682	1974	1890	3014	2024	3421	2735	3348	1835	4625	2994	8369	2783	3000	1560	8899	1776	1605	4891	1305	2996	2984	1774
SRR10958115	45220	1283	1682	3061	2595	4197	1056	7533	6862	1642	2971	0	2291	2152	1926	3740	5309	27	1213	2291	3308	3292	40	3121	58	3207	5308	1377	41	3306	2452	78	2430	44	4567	2571	3069	3799	1546	3138	1180	5280	3545	3599	1644	3305	1650	3682	2998	2815	2793	53	3186	3801	1981	3029	60	1384	67	2092	2007	2527	3111	24	1977	1055	1919	2979	3131	3060	1490	35	67	1088	2970	3818	6453	5137	3101	1034	6141	2945	3088	38	2988	40	1011	3404	9306	1518	3733	3439	2868	992	3619	1691	1222	3566	3641	2415	34	4494	46	3605	1010	82	1136	1158	29	2565	1923	4101	3086	3942	1569	6760	3302	1013	3607	2431	3076	59	2441	3253	1670	3871	3821	3290	41	8042	4638	51	2125	9215	2782	2165	4716	1877	42	40	2002
GCA_018591875	45539	1599	2301	3570	1994	4519	1710	7695	6828	2054	2175	2291	0	2372	1948	2760	4891	2297	1875	1846	3790	2728	2298	3444	2324	2799	5223	2153	2314	2484	2051	2341	2194	2272	4360	2850	2126	3397	1753	2996	1947	4851	2740	2715	2299	2577	1904	2869	3716	2601	3219	2311	3318	3985	2164	3112	2332	1639	2340	770	1820	2995	2739	2302	1951	1709	2214	3555	2696	2798	2681	2308	2341	1610	3538	3147	7005	4976	2696	1688	6203	2646	2840	2312	3561	2313	1665	3880	9338	1836	3896	2840	3179	1648	2751	2177	2046	2667	2727	1856	2307	3736	2319	2943	1664	2300	1560	1541	2303	2669	2520	4417	3213	3047	1836	6979	3055	1669	2926	2201	2467	2330	2423	3546	2012	3345	3154	3445	2313	8071	3957	2322	2118	9211	2314	2502	4741	1832	2310	2308	2185
GCA_018593955	45598	1678	1185	3782	1801	4760	1788	7685	7041	1326	1641	2152	2372	0	1309	2246	4068	2164	2070	1238	3595	1598	2161	3700	2182	1953	4768	2125	2179	1696	1846	2214	1731	2139	4743	2848	1812	3257	2295	2296	1811	4437	1801	1865	2169	2180	1607	3332	3771	1897	3294	2176	3337	4398	2182	2184	2185	1986	2207	2386	1118	2165	1703	2169	1460	1787	874	3759	1882	2793	2469	2168	2208	1792	3737	2454	6785	5011	1849	1773	5715	2173	2044	2177	3770	2178	1753	3677	9370	1766	3912	2700	2255	1726	1852	1595	2106	1816	1865	1433	2174	3118	2178	2227	1752	2166	1654	1621	2166	1776	1089	4659	3269	2475	1199	7175	3155	1749	2236	1738	1727	2195	1636	2423	2426	2998	2461	3716	2178	8073	3543	2179	1118	9229	1248	2023	4772	1265	2179	2161	1422
GCA_018593495	45513	1478	689	3752	1433	4588	1206	7650	7011	1060	1410	1926	1948	1309	0	2257	4452	1935	1529	1159	3881	2109	1932	3675	1953	2113	5454	1684	1950	2233	1390	1986	1404	1883	5184	3017	1468	3081	1712	2373	1303	4967	2265	2301	1578	2561	1382	3538	3755	1700	3383	1946	3572	4387	1861	2441	1968	1583	1975	1822	518	2438	1763	1936	972	1205	774	3721	2314	3183	2480	1940	1975	1233	3706	2676	6747	5079	2204	1193	6094	2476	2116	1948	3731	1943	1170	3970	9339	1439	4282	2433	2742	1144	2309	1470	1614	2267	2321	1091	1940	3366	1949	2544	1169	1932	1365	1361	1938	1623	1566	4481	3489	2677	412	7245	3353	1166	2778	1404	2149	1967	1548	2882	2156	2978	2676	3962	1944	8038	3493	1951	801	9194	1642	1657	4928	52	1945	1944	703
GCA_018594075	45314	3237	2487	4789	1990	5553	3247	8060	7429	2728	1383	3740	2760	2246	2257	0	3324	3748	3394	1864	4737	956	3749	4929	3755	1447	4222	3374	3766	1114	2060	3793	2410	3694	5279	3613	987	3233	3651	1883	3297	4377	765	716	3575	1761	2670	2837	5049	2835	4290	3762	4042	5439	3205	2403	3772	3162	3794	3053	2197	3408	1091	3753	2383	3246	2341	4776	1760	2881	3355	3757	3795	3112	4749	2177	7225	5208	1710	3234	6123	1231	1113	3764	4785	3759	3214	4847	8930	3154	5075	2850	2560	3192	773	2780	3372	680	714	1974	3763	2166	3765	1119	3213	3759	3147	3126	3749	2170	2331	5450	4025	2011	2615	7655	3806	3203	1389	2417	1747	3780	1937	3417	3479	3180	2183	4939	3759	8290	2453	3766	2057	8792	1514	2347	4934	2158	3760	3748	2109
GCA_009851735	45429	5046	4425	6247	4030	6906	5201	5532	5513	4624	3761	5309	4891	4068	4452	3324	0	5322	5326	4066	6156	2974	5318	6079	5332	3677	5673	4931	5335	3256	4317	5361	4286	5269	6586	4474	3423	5030	5440	3805	5245	5949	2914	2870	5494	3764	4607	4498	6156	4594	5367	5306	4884	6759	4784	4623	5338	4718	5363	4926	4313	5128	3397	5326	3921	5200	4351	6227	3813	4811	4278	5326	5369	5185	6183	4113	6377	6603	3755	5187	5752	3248	3399	5337	6243	5330	5171	6285	7486	5238	6453	4609	4754	5144	2854	4650	5304	2858	2884	4307	5322	3245	5336	2936	5170	5344	5143	5134	5314	4181	4043	6805	4805	4176	4595	6388	5421	5158	3467	4293	3750	5348	3976	4749	4917	5144	4119	6471	5325	7298	3740	5336	4054	7384	3378	4311	5638	4330	5329	5311	4176
SRR10958113	45499	1296	1692	3059	2607	4223	1047	7577	6904	1653	2982	27	2297	2164	1935	3748	5322	0	1223	2303	3333	3303	27	3145	39	3217	5333	1387	22	3316	2505	59	2443	25	4579	2575	3082	3812	1560	3154	1189	5305	3556	3610	1656	3316	1654	3693	3020	2829	2815	37	3191	3832	1972	3042	43	1394	54	2101	2018	2538	3123	13	1968	1046	1929	3003	3142	3075	1491	14	54	1100	2993	3832	6495	5143	3113	1046	6190	2956	3098	21	3012	20	1023	3426	9352	1528	3777	3449	2875	1004	3630	1703	1234	3575	3652	2427	22	4505	27	3616	1022	69	1149	1171	16	2575	1933	4125	3092	3947	1579	6811	3325	1025	3619	2443	3090	40	2469	3261	1690	3879	3836	3330	21	8098	4649	32	2137	9249	2793	2174	4759	1888	23	27	2012
GCA_020423375	45606	1005	1616	3442	2673	3983	591	7753	6856	1663	2430	1213	1875	2070	1529	3394	5326	1223	0	2257	3588	3326	1221	3356	1253	2961	5618	1245	1238	3116	2374	1274	2581	1173	4778	2699	2648	4000	1084	3417	591	5472	3424	3481	1196	3080	1694	3992	3259	2933	2766	1235	3304	3993	1579	3319	1259	976	1264	1683	1821	2611	2661	1223	1756	590	1459	3409	3420	3357	2008	1232	1264	499	3391	3832	6875	5196	3283	567	6131	3008	3153	1237	3416	1237	544	3678	9367	892	3904	3441	2978	527	3487	1834	1057	3421	3497	2087	1228	4215	1242	3468	543	1209	713	721	1226	2336	1985	3877	3213	3762	1221	6904	3559	546	3572	2581	2981	1256	2374	3342	1480	3667	3834	3319	1238	8155	4386	1245	2042	9243	2662	1723	4870	1473	1239	1237	2004
GCA_018592115	45465	1952	1085	3807	983	4950	2041	7716	6973	1254	1476	2291	1846	1238	1159	1864	4066	2303	2257	0	3966	1629	2299	4023	2321	1823	4872	2359	2318	1525	1263	2345	1396	2252	4849	3002	1355	2640	2550	1684	2088	4409	1691	1675	2377	2040	1169	2767	4043	1563	3521	2315	3590	4547	2354	2299	2336	2118	2339	1958	664	2479	1624	2308	1473	2040	1271	3789	1841	2559	2571	2307	2340	1936	3777	2227	6770	5049	1789	2031	5963	1934	2034	2316	3800	2311	2008	4048	9367	2002	4406	2359	2330	1981	1728	1422	2267	1660	1699	648	2313	2969	2317	2093	2007	2292	1880	1873	2305	1992	1609	4845	3507	2135	1290	7253	3274	2003	2213	1403	1604	2334	1285	2637	2484	2843	2233	4262	2311	8021	3301	2317	978	9225	1281	2284	4424	1061	2312	2311	1187
GCA_018591815	44734	3473	3721	602	3645	3362	3788	6653	6369	3656	4196	3308	3790	3595	3881	4737	6156	3333	3588	3966	0	4617	3316	2371	3352	4381	4934	2935	3350	4649	4181	3376	4067	3330	5118	2936	4399	4849	3312	3861	3555	4625	4684	4715	4074	4838	4189	3463	1144	3890	678	3350	2969	3263	2613	4251	3353	3170	3371	3823	3727	4761	4356	3332	3527	3787	3655	520	4168	3558	2960	3339	3372	3620	507	4264	6281	5549	4212	3778	6468	4711	4733	3347	522	3341	3763	69	8994	3132	3394	4756	4413	3677	4622	3331	3304	4626	4666	3743	3329	5649	3347	4970	3762	3377	3466	3500	3328	4177	4160	3268	2917	3878	3912	6322	2512	3756	5024	4074	3766	3355	4238	4856	2548	5075	4264	3462	3342	7782	5230	3351	3777	8901	3927	4205	5801	3731	3342	3331	4115
GCA_029536715	45630	2939	2092	4645	1719	5559	3019	7831	7275	2307	1441	3292	2728	1598	2109	956	2974	3303	3326	1629	4617	0	3301	4553	3311	1218	4377	3171	3316	729	1822	3344	2003	3244	5087	3319	1175	3147	3424	1898	3071	4419	393	336	3361	1419	2379	2845	4742	2360	4140	3312	3913	5330	3157	2386	3321	3016	3347	2873	1873	2977	1163	3306	1954	3018	1971	4620	1217	2590	3047	3309	3347	3046	4583	1974	6915	5228	1157	3012	5831	1069	1287	3314	4633	3309	2992	4718	8983	2950	4845	2543	2524	2965	393	2567	3141	317	341	1881	3312	1935	3314	738	2991	3308	2858	2858	3300	1699	1498	5458	3842	1505	2383	7419	3520	2981	1099	2008	1268	3331	1416	2935	3405	3216	1980	4727	3310	8130	2464	3316	1650	8849	964	2024	4753	2051	3311	3292	1859
SRR10958193	45215	1293	1689	3069	2605	4208	1066	7539	6867	1651	2979	40	2298	2161	1932	3749	5318	27	1221	2299	3316	3301	0	3130	60	3215	5316	1381	43	3314	2460	80	2440	46	4574	2588	3077	3806	1558	3151	1186	5289	3555	3608	1653	3314	1656	3693	3006	2824	2801	57	3205	3809	1997	3038	64	1398	75	2100	2015	2534	3119	34	1993	1065	1926	2988	3139	3072	1507	35	75	1096	2979	3829	6463	5142	3111	1041	6147	2954	3097	42	2996	42	1018	3409	9311	1522	3743	3448	2877	1000	3628	1699	1231	3575	3650	2423	42	4504	48	3615	1017	90	1144	1166	37	2574	1929	4112	3108	3953	1576	6769	3310	1020	3616	2440	3088	61	2449	3259	1674	3878	3834	3298	41	8046	4645	53	2134	9222	2792	2172	4722	1882	44	48	2010
GCA_003354265	45472	3244	3513	2273	3946	3269	3204	7235	6615	3451	4231	3121	3444	3700	3675	4929	6079	3145	3356	4023	2371	4553	3130	0	3156	4660	5456	2864	3152	4748	4084	3185	3987	3124	5123	2205	4388	4764	3201	4749	3221	5130	4824	4874	3477	4799	4188	4539	2367	3857	1964	3145	2051	1737	2486	4144	3169	2955	3176	3149	3615	4288	4524	3139	3256	3203	3583	2178	4321	4472	2799	3149	3177	3274	2168	4559	6940	5632	4308	3235	6775	4952	4737	3156	2198	3139	3216	2437	9195	3091	1851	4708	4462	3100	4852	3529	3029	4798	4868	3969	3151	5757	3158	5063	3215	3176	2975	3001	3142	4089	3920	3168	1972	3865	3575	6596	1437	3212	5305	3987	4214	3160	4492	4934	2823	5321	4559	2221	3150	7966	5364	3161	3771	9107	3997	3786	5800	3576	3149	3145	3779
240	45456	1322	1717	3078	2626	4236	1079	7576	6904	1671	3002	58	2324	2182	1953	3755	5332	39	1253	2321	3352	3311	60	3156	0	3229	5344	1400	30	3325	2527	66	2468	29	4596	2609	3100	3815	1592	3171	1210	5316	3567	3620	1679	3327	1676	3702	3040	2852	2827	43	3202	3837	1987	3053	47	1414	85	2131	2036	2564	3140	44	1982	1078	1947	3022	3151	3086	1512	47	85	1131	3011	3840	6495	5149	3124	1077	6188	2971	3115	41	3032	39	1054	3444	9350	1551	3794	3471	2888	1035	3640	1722	1265	3585	3662	2449	53	4514	32	3624	1053	100	1177	1203	47	2586	1944	4139	3097	3953	1604	6805	3341	1056	3628	2468	3109	48	2481	3277	1727	3887	3846	3345	40	8097	4657	37	2154	9247	2809	2196	4779	1906	41	58	2030
GCA_009850125	45702	2758	2302	4417	2006	5625	2822	7985	7408	2473	1312	3207	2799	1953	2113	1447	3677	3217	2961	1823	4381	1218	3215	4660	3229	0	4558	3063	3232	1207	1879	3258	2216	3166	5362	3471	1420	3452	3340	1828	2844	4711	1079	1062	3277	1661	2278	2913	4928	2657	3898	3229	4010	5298	3150	2845	3238	2818	3261	2918	1951	3144	1317	3220	2098	2821	2108	4384	2048	2739	3022	3225	3261	2684	4344	1781	7166	5360	1937	2820	6107	1346	1828	3230	4393	3231	2801	4478	8917	2520	4959	2876	2809	2713	1097	2455	3012	1033	1061	1891	3226	2425	3231	1381	2800	3224	2616	2610	3214	2242	1715	5523	3971	1976	2259	7514	3687	2788	1338	2223	1916	3240	1643	3042	3248	3216	1782	4618	3232	8270	2656	3233	1857	8786	1933	2236	4877	2032	3233	3209	2128
GCA_009849885	45553	5432	5162	5096	4766	5704	5603	8337	8033	5302	4778	5308	5223	4768	5454	4222	5673	5333	5618	4872	4934	4377	5316	5456	5344	4558	0	5252	5344	4161	5120	5370	5103	5301	3038	4181	4721	2669	5384	4043	5606	1098	4246	4263	5691	4573	5332	4227	5114	4012	4263	5363	4189	5511	4842	4805	5340	4911	5369	5310	5158	3715	4657	5330	4496	5602	4959	5090	4624	4656	4329	5337	5370	5510	5064	3932	7549	4019	4676	5615	6834	4778	4336	5341	5071	5331	5596	5037	9097	5508	5224	4105	4569	5539	4307	5296	5586	4202	4247	5045	5326	5336	5349	4487	5595	5353	5466	5465	5331	5041	4910	5614	4189	4841	5518	7581	4860	5591	4385	5110	4397	5348	4694	3231	4479	5174	3941	5614	5343	8398	5576	5345	5159	8970	4809	4945	6578	5275	5342	5312	5172
GCA_016453825	37818	1334	1692	2807	2733	3816	981	6482	6011	1716	2572	1377	2153	2125	1684	3374	4931	1387	1245	2359	2935	3171	1381	2864	1400	3063	5252	0	1396	3246	2413	1425	2484	1341	4370	2602	2734	3777	1395	3531	1190	5119	3377	3427	1538	3101	1948	4066	2866	2852	2603	1391	3038	3726	1121	3128	1410	938	1418	1835	1952	2431	2796	1383	1675	981	1680	2770	3231	3262	1913	1394	1418	1002	2761	3775	5725	4538	3205	970	5614	3107	3136	1395	2788	1397	947	2988	8062	1250	3702	3406	2972	915	3447	1929	1190	3383	3436	2361	1389	4151	1402	3481	946	1363	1096	1070	1389	2528	1976	3726	2972	3487	1384	5907	3326	947	3466	2484	2954	1410	2573	3324	1431	3346	3776	3170	1398	7010	4122	1401	2210	7938	2662	2025	4749	1649	1399	1391	1997
GB000944	45458	1311	1707	3074	2622	4242	1083	7589	6912	1668	2997	41	2314	2179	1950	3766	5335	22	1238	2318	3350	3316	43	3152	30	3232	5344	1396	0	3328	2520	54	2456	17	4589	2617	3097	3821	1575	3168	1204	5316	3570	3624	1671	3330	1672	3711	3036	2844	2825	28	3220	3833	1977	3056	35	1404	68	2114	2033	2548	3137	27	1980	1082	1944	3017	3156	3089	1524	30	68	1114	3007	3843	6508	5156	3127	1060	6203	2968	3111	25	3028	23	1037	3440	9353	1543	3794	3465	2894	1018	3644	1718	1249	3589	3666	2442	36	4509	19	3629	1036	83	1159	1185	30	2590	1947	4145	3109	3961	1594	6803	3338	1039	3629	2457	3106	32	2484	3277	1721	3898	3849	3346	24	8113	4654	24	2152	9252	2807	2188	4775	1903	25	41	2027
GCA_018592295	45714	2879	2250	4672	1733	5715	2903	8022	7499	2429	1304	3306	2484	1696	2233	1114	3256	3316	3116	1525	4649	729	3314	4748	3325	1207	4161	3246	3328	0	1779	3357	2244	3262	4903	3427	1308	3197	3294	1689	3013	4346	558	540	3245	1085	2278	2840	4915	2484	4118	3326	3986	5390	3106	2569	3335	2902	3357	2625	2019	3020	1285	3317	2060	2902	1961	4648	1503	2748	3112	3323	3356	2754	4606	1737	7119	5059	1488	2888	5989	1188	1407	3328	4662	3321	2868	4744	8992	2993	4997	2479	2585	2841	595	2333	3020	504	538	1903	3321	2096	3327	898	2867	3326	2741	2735	3319	1559	1809	5613	3940	1862	2435	7596	3696	2863	1039	2251	1518	3344	1460	3053	3220	3133	1743	4879	3322	8311	2747	3330	1803	8867	1350	1744	4948	2122	3323	3314	2103
GCA_018594215	45506	2353	1664	3908	1191	5000	2159	7683	7158	1857	1485	2452	2051	1846	1390	2060	4317	2505	2374	1263	4181	1822	2460	4084	2527	1879	5120	2413	2520	1779	0	2548	1631	2474	4660	3069	1407	2854	2670	2470	2398	4562	1777	1766	2512	2169	1909	3576	4193	1982	3631	2516	3690	4746	2396	2629	2538	2230	2545	2230	1432	2637	1820	2505	1361	2158	1870	3899	1734	2694	2638	2510	2545	2067	3869	2597	6842	4703	1739	2161	5988	2070	2269	2518	3909	2513	2138	4266	9336	2392	4559	2055	2752	2113	1820	1858	2388	1745	1785	1461	2511	3137	2525	2187	2137	2501	2112	2076	2508	1972	1898	4898	3615	2071	1721	7251	3459	2134	2195	1638	1803	2528	1433	3141	2607	2860	2603	4362	2514	8010	3468	2527	1391	9219	1733	2233	4640	1291	2515	2517	1380
222A	45481	1345	1738	3102	2649	4277	1119	7610	6941	1704	3024	78	2341	2214	1986	3793	5361	59	1274	2345	3376	3344	80	3185	66	3258	5370	1425	54	3357	2548	0	2485	53	4615	2626	3124	3846	1611	3195	1240	5349	3598	3651	1704	3357	1708	3738	3068	2872	2848	65	3237	3865	2001	3085	71	1438	105	2147	2060	2574	3164	64	2009	1118	1980	3047	3184	3118	1546	67	105	1150	3036	3873	6540	5182	3155	1096	6231	2996	3147	62	3057	60	1073	3469	9382	1578	3829	3501	2926	1054	3675	1749	1284	3618	3694	2469	72	4538	55	3657	1072	120	1188	1216	67	2619	1984	4182	3125	3985	1630	6830	3363	1075	3656	2485	3134	72	2520	3311	1737	3925	3879	3382	61	8143	4677	60	2179	9285	2835	2216	4801	1939	62	78	2061
SRR17119145	45630	2338	1471	4010	1642	5005	2272	7703	7008	1504	1967	2430	2194	1731	1404	2410	4286	2443	2581	1396	4067	2003	2440	3987	2468	2216	5103	2484	2456	2244	1631	2485	0	2390	4997	3251	1827	3173	2766	2220	2335	4578	2159	2180	2592	2717	1970	2973	4208	1882	3599	2454	3703	4771	2589	2503	2463	2406	2481	2253	1320	2886	2090	2440	1641	2271	1615	3998	2013	2897	2832	2447	2481	2296	3985	2563	6675	5269	1995	2250	6329	2431	2241	2455	4006	2450	2229	4152	9378	2276	4518	2989	2460	2153	2238	2111	2333	2161	2196	1510	2448	3292	2456	2538	2228	2441	2183	2164	2445	2118	1883	4899	3630	2424	1597	7163	3163	2225	2679	0	1909	2474	1786	2734	2753	3026	2569	4244	2451	8042	3506	2458	1369	9244	1700	2664	4932	1328	2452	2432	1390
234	45379	1244	1641	3055	2556	4218	1017	7495	6815	1603	2931	44	2272	2139	1883	3694	5269	25	1173	2252	3330	3244	46	3124	29	3166	5301	1341	17	3262	2474	53	2390	0	4521	2559	3028	3810	1510	3102	1138	5272	3500	3553	1605	3260	1607	3683	3035	2778	2807	31	3180	3777	1968	2984	25	1341	69	2061	1967	2483	3067	30	1931	1016	1879	2999	3111	3060	1443	33	69	1049	2988	3777	6405	5087	3083	995	6095	2897	3096	28	3028	26	972	3421	9226	1478	3764	3395	2847	953	3573	1653	1184	3519	3594	2397	39	4438	17	3557	971	86	1092	1118	33	2524	1882	4121	3075	3892	1527	6723	3308	974	3559	2390	3026	35	2423	3211	1675	3829	3783	3316	27	7997	4582	23	2086	9131	2735	2123	4668	1837	28	43	1960
GCA_018593675	45285	4720	5010	5064	4483	5410	4759	8049	7523	4820	5172	4567	4360	4743	5184	5279	6586	4579	4778	4849	5118	5087	4574	5123	4596	5362	3038	4370	4589	4903	4660	4615	4997	4521	0	4145	5300	3454	4781	5271	4916	2971	5178	5194	5046	4946	4884	5329	5095	4063	4208	4595	4129	4997	4294	4291	4597	4185	4618	4416	5034	3507	5558	4573	4163	4758	5020	5042	4804	4440	3958	4582	4619	4671	5020	5051	7424	1472	4778	4759	6718	5435	5523	4586	5045	4577	4740	5223	9363	4820	5000	3703	4176	4688	5197	4711	4659	5099	5151	5042	4569	5867	4600	5271	4739	4581	4581	4618	4582	5047	4790	5324	4055	5130	5064	7124	5235	4739	4997	5003	4738	4593	4843	3750	3848	3462	5060	5348	4589	8106	6410	4593	4977	9226	5068	5229	6544	5011	4588	4568	4849
GCA_016452465	28474	2680	2851	2857	3070	3343	2629	5499	5123	2708	3390	2571	2850	2848	3017	3613	4474	2575	2699	3002	2936	3319	2588	2205	2609	3471	4181	2602	2617	3427	3069	2626	3251	2559	4145	0	3426	3727	2575	3384	2624	4026	3524	3549	2950	3652	2971	3418	2864	3257	2413	2624	1114	2639	2499	3229	2632	2394	2608	2816	2983	3282	3384	2573	2629	2629	2856	2791	3224	3448	1628	2578	2608	2694	2784	3507	5206	4531	3231	2664	4866	3480	3526	2585	2798	2569	2645	2972	6630	2715	1777	3260	3491	2579	3590	2975	2778	3544	3554	3123	2576	4169	2622	3736	2644	2593	2573	2582	2573	3077	2950	3282	1041	3274	2963	5122	2191	2634	3760	3251	3223	2621	3112	3677	2368	4113	3521	2067	2578	5871	4111	2627	2939	6572	2977	3015	4191	2940	2576	2578	3022
GCA_018593735	45537	2431	1791	4392	1523	5188	2475	8002	7327	2074	669	3069	2126	1812	1468	987	3423	3082	2648	1355	4399	1175	3077	4388	3100	1420	4721	2734	3097	1308	1407	3124	1827	3028	5300	3426	0	3217	2989	1696	2529	4904	986	938	2817	1460	2105	2599	4504	2213	3880	3093	3893	5034	2639	2585	3115	2527	3125	2353	1461	3129	688	3083	1789	2474	1874	4377	1924	2951	3040	3086	3126	2375	4358	2009	7139	5290	1815	2463	6284	1210	1387	3095	4386	3090	2443	4486	8967	2429	4811	2750	2690	2418	972	2197	2786	912	935	1487	3092	2102	3096	1324	2442	3082	2355	2324	3078	2091	2263	5085	3853	2334	1800	7579	3625	2433	1607	1834	1585	3113	1892	3360	2898	3128	2015	4633	3090	8294	2452	3097	1533	8831	1306	1805	4772	1374	3091	3088	1590
GCA_018593745	45583	3655	3141	4581	2531	5556	3858	8064	7625	3336	3284	3799	3397	3257	3081	3233	5030	3812	4000	2640	4849	3147	3806	4764	3815	3452	2669	3777	3821	3197	2854	3846	3173	3810	3454	3727	3217	0	4252	3553	3826	2504	3174	3182	4204	3381	3491	4129	4808	2444	4190	3841	4168	5074	3513	3337	3831	3501	3851	3435	2727	2338	3632	3816	2696	3857	3327	4561	3126	3584	3700	3816	3852	3759	4542	3584	7243	3838	3128	3858	6172	3840	3471	3819	4567	3808	3835	4946	9441	3784	5146	2567	3633	3796	3225	3229	4020	3151	3184	2862	3810	4476	3826	3578	3834	3829	3709	3706	3814	3562	3271	5465	4113	3480	3337	7363	4232	3836	3563	3180	3200	3836	2814	3219	3461	3379	3590	5368	3820	8072	4866	3823	2886	9310	3209	4023	5700	2956	3819	3805	2670
GCA_020422985	45577	1010	1809	3090	2781	4077	665	7641	6924	1830	2786	1546	1753	2295	1712	3651	5440	1560	1084	2550	3312	3424	1558	3201	1592	3340	5384	1395	1575	3294	2670	1611	2766	1510	4781	2575	2989	4252	0	3465	905	5296	3675	3750	1322	3401	2089	3816	2997	2921	2710	1572	3283	3993	1858	3311	1588	1026	1593	1609	2081	2782	2984	1560	1962	664	1597	3058	3585	3394	2223	1569	1593	733	3024	3831	6799	5154	3496	636	6283	3402	3363	1573	3071	1574	621	3387	9380	1257	3845	3313	3391	601	3762	1964	1255	3698	3773	2569	1556	4632	1581	3806	620	1537	830	819	1563	2281	2142	3979	3142	3864	1356	6938	3418	622	3885	2766	2941	1590	2709	3674	1342	3996	3833	3240	1575	8141	4643	1583	2426	9259	2818	1730	5233	1679	1564	1571	2232
GCA_018591855	45620	3366	2308	3884	1582	5391	3433	7934	7329	2688	1717	3138	2996	2296	2373	1883	3805	3154	3417	1684	3861	1898	3151	4749	3171	1828	4043	3531	3168	1689	2470	3195	2220	3102	5271	3384	1696	3553	3465	0	3464	4383	1686	1663	3714	2433	2393	1572	4090	2039	3365	3183	3883	4949	3367	3383	3174	3286	3197	3291	1888	3869	1653	3155	2570	3432	2354	3856	2307	2188	3060	3158	3198	3278	3840	1041	6887	5502	2189	3409	6521	1691	2007	3167	3864	3161	3396	3948	9046	3318	4857	3007	3068	3371	1697	2443	3294	1636	1662	1645	3164	2887	3167	1907	3395	3166	3266	3255	3155	2476	2775	5296	3846	2628	2646	7498	3447	3392	2116	2227	1908	3185	2185	3387	3050	3732	1042	4977	3161	8340	3163	3169	1981	8909	2114	2780	4866	2254	3162	3151	2526
SRR10958101	45587	596	1363	3365	2576	4183	408	7768	6891	1373	2388	1180	1947	1811	1303	3297	5245	1189	591	2088	3555	3071	1186	3221	1210	2844	5606	1190	1204	3013	2398	1240	2335	1138	4916	2624	2529	3826	905	3464	0	5460	3322	3395	1063	2937	1676	4081	3264	2759	2946	1201	3285	4071	1604	2991	1224	962	1226	1721	1617	2511	2520	1192	1739	407	1134	3332	3378	3272	2031	1197	1226	470	3319	3765	6888	5181	3294	384	6099	3049	2976	1202	3338	1203	361	3621	9346	629	3916	3478	2840	344	3407	1743	895	3343	3419	2029	1197	4291	1203	3441	360	1177	547	562	1192	2040	1641	4077	3193	3667	958	6955	3214	363	3534	2335	2886	1221	2251	3246	1466	3524	3766	3278	1204	8156	4322	1205	2017	9223	2465	1471	4981	1281	1204	1200	1813
GCA_018594415	45537	5303	4926	4810	4226	5434	5475	7925	7735	4980	4914	5280	4851	4437	4967	4377	5949	5305	5472	4409	4625	4419	5289	5130	5316	4711	1098	5119	5316	4346	4562	5349	4578	5272	2971	4026	4904	2504	5296	4383	5460	0	4462	4461	5517	4785	5144	4603	4923	3592	4057	5320	4020	5268	4677	4450	5312	4777	5335	4939	4691	3680	4868	5302	4121	5474	4733	4785	4060	4210	4180	5310	5335	5381	4760	4267	7266	3909	4131	5481	6638	4965	4499	5313	4782	5303	5463	4741	9426	5309	4861	3572	4190	5383	4491	4899	5312	4374	4416	4552	5309	5441	5321	4675	5462	5301	5285	5313	5304	4510	4667	5342	3968	4095	5097	7342	4302	5454	4608	4585	3964	5321	4333	2747	4347	4793	4276	5249	5316	8065	5700	5318	4613	9313	4307	5484	6184	4808	5315	5284	4626
GCA_009850225	45722	3164	2274	4712	1766	5758	3272	8055	7483	2489	1236	3545	2740	1801	2265	765	2914	3556	3424	1691	4684	393	3555	4824	3567	1079	4246	3377	3570	558	1777	3598	2159	3500	5178	3524	986	3174	3675	1686	3322	4462	0	146	3618	1165	2498	2693	4991	2432	4197	3566	4082	5459	3291	2514	3577	3149	3601	2938	1999	3274	982	3561	2061	3271	2229	4692	1190	2599	3246	3562	3601	3125	4647	1765	7117	5317	1132	3263	5991	869	1212	3568	4700	3563	3243	4786	9001	3186	5124	2559	2618	3216	203	2537	3408	123	145	1935	3566	1722	3569	546	3242	3565	3114	3083	3554	1873	1711	5656	4053	1545	2622	7592	3677	3232	871	2166	1304	3585	1512	3085	3485	3272	1771	5003	3564	8329	2367	3571	1798	8870	1087	2068	4858	2153	3565	3551	2033
GCA_000219375	45694	3259	2339	4741	1709	5784	3344	7983	7453	2551	1193	3599	2715	1865	2301	716	2870	3610	3481	1675	4715	336	3608	4874	3620	1062	4263	3427	3624	540	1766	3651	2180	3553	5194	3549	938	3182	3750	1663	3395	4461	146	0	3693	1197	2502	2639	5039	2491	4224	3620	4117	5499	3333	2569	3629	3182	3654	2881	2046	3315	1000	3615	2068	3343	2295	4720	1198	2525	3263	3615	3655	3199	4675	1738	7040	5336	1136	3338	5995	794	1144	3622	4729	3617	3318	4813	8937	3236	5190	2511	2614	3290	111	2599	3463	59	72	1913	3621	1644	3623	468	3317	3618	3209	3178	3607	1910	1803	5682	4079	1498	2658	7583	3698	3307	841	2187	1257	3638	1453	3075	3532	3264	1745	5048	3617	8312	2285	3624	1833	8803	1106	2134	4745	2192	3618	3605	2047
GCA_029855505	45635	1210	1673	3928	2864	4576	818	7539	6845	1871	2635	1644	2299	2169	1578	3575	5494	1656	1196	2377	4074	3361	1653	3477	1679	3277	5691	1538	1671	3245	2512	1704	2592	1605	5046	2950	2817	4204	1322	3714	1063	5517	3618	3693	0	3421	2129	4319	3827	2846	3481	1667	3500	4349	1895	3321	1691	1283	1688	2099	1911	2742	2814	1652	1868	817	1437	3900	3590	3902	2309	1663	1688	897	3889	3997	6749	5345	3465	789	6543	3437	3354	1669	3905	1663	766	4153	9045	1352	4168	3632	2991	727	3708	1969	1347	3614	3685	2378	1661	4474	1676	3762	765	1640	949	939	1659	2314	2202	4469	3398	3801	1328	6915	3799	768	3927	2592	3140	1688	2597	3422	1838	3789	3997	3664	1664	7735	4292	1678	2247	8910	2760	1799	4931	1537	1665	1662	2115
GCA_018593195	45757	2859	2582	4872	2198	5819	2967	8127	7594	2797	1559	3305	2577	2180	2561	1761	3764	3316	3080	2040	4838	1419	3314	4799	3327	1661	4573	3101	3330	1085	2169	3357	2717	3260	4946	3652	1460	3381	3401	2433	2937	4785	1165	1197	3421	0	2453	3431	4937	2602	4182	3326	4115	5413	3322	2947	3346	2930	3360	2720	2297	2948	1685	3322	2274	2966	2584	4849	2011	2844	3217	3323	3361	2813	4810	2184	7216	5072	1997	2951	6210	1513	1942	3328	4861	3329	2931	4945	9035	2992	5155	2839	2962	2901	1234	2459	3229	1173	1198	2242	3326	2250	3329	1361	2930	3324	2808	2777	3313	2091	2102	5716	4064	2509	2478	7595	4044	2920	1097	2724	1982	3344	2190	3317	3300	3315	2191	4776	3329	8338	3315	3324	2325	8902	1869	2120	5387	2448	3330	3316	2452
GCA_018592415	45420	1741	1183	3982	1686	4925	1595	7878	7144	1138	2246	1650	1904	1607	1382	2670	4607	1654	1694	1169	4189	2379	1656	4188	1676	2278	5332	1948	1672	2278	1909	1708	1970	1607	4884	2971	2105	3491	2089	2393	1676	5144	2498	2502	2129	2453	0	3173	4049	2426	3575	1669	3568	4412	2421	2626	1692	1726	1691	1950	1467	2378	2374	1659	1658	1594	1476	3956	2549	3031	2254	1666	1691	1472	3945	3100	6761	5080	2458	1574	6325	2266	2403	1671	3967	1671	1551	4285	9398	1875	4384	2777	2513	1534	2530	1467	1774	2488	2548	1561	1664	3417	1671	2593	1550	1642	1703	1695	1660	2441	1392	4820	3447	2858	1186	7348	4031	1547	2600	1970	2454	1690	1624	2543	2317	3341	3108	3800	1672	8121	3954	1674	1501	9255	2058	2365	4815	1315	1673	1667	1343
GCA_018592085	45722	3791	3531	3353	2657	5095	4154	7821	7196	3278	2803	3682	2869	3332	3538	2837	4498	3693	3992	2767	3463	2845	3693	4539	3702	2913	4227	4066	3711	2840	3576	3738	2973	3683	5329	3418	2599	4129	3816	1572	4081	4603	2693	2639	4319	3431	3173	0	3701	3028	2949	3726	3707	4498	3674	3922	3711	3582	3732	3433	3189	4656	2785	3697	3319	4153	3590	3344	3246	2764	3397	3701	3733	4019	3338	2511	6923	5880	3225	4133	6826	2750	3079	3710	3334	3704	4122	3529	9013	3732	4571	3746	3579	4036	2695	3301	4004	2595	2624	2878	3696	3729	3710	2968	4121	3704	3928	3947	3698	3768	3718	5003	3664	3351	3734	7305	3701	4126	3214	2980	2723	3728	3229	4021	3170	4604	2517	4681	3704	8298	3548	3714	3136	8889	3103	3643	5199	3371	3703	3688	3540
GCA_009850275	45231	3186	3565	963	3652	2834	3509	6987	6521	3608	4387	2998	3716	3771	3755	5049	6156	3020	3259	4043	1144	4742	3006	2367	3040	4928	5114	2866	3036	4915	4193	3068	4208	3035	5095	2864	4504	4808	2997	4090	3264	4923	4991	5039	3827	4937	4049	3701	0	3811	213	3030	2846	3269	2581	4316	3048	3005	3061	3862	3661	4331	4594	3020	3378	3508	3659	876	4416	3876	2802	3027	3061	3536	872	4670	6573	5548	4446	3522	6551	4892	4994	3035	884	3028	3506	1219	9174	3247	3287	4869	4605	3481	4951	3296	3099	4956	5014	3952	3014	5914	3035	5208	3505	3065	3274	3309	3015	4228	4143	2743	2795	4474	3735	6600	2788	3499	5303	4215	4041	3043	4530	5028	2431	5240	4670	3462	3029	8007	5532	3040	3699	9081	4145	3999	5935	3644	3029	3020	3941
GCA_018594025	45576	2602	1844	3743	1512	5020	2720	7850	7327	2097	2161	2815	2601	1897	1700	2835	4594	2829	2933	1563	3890	2360	2824	3857	2852	2657	4012	2852	2844	2484	1982	2872	1882	2778	4063	3257	2213	2444	2921	2039	2759	3592	2432	2491	2846	2602	2426	3028	3811	0	3345	2859	3631	4369	2767	2958	2861	2733	2872	2701	1300	2673	2628	2830	1696	2719	2118	3730	2397	2376	3118	2833	2873	2716	3708	2023	6787	4805	2341	2703	6421	3026	2964	2842	3737	2837	2680	3974	9435	2606	4352	2477	2882	2640	2502	2225	2894	2424	2467	1715	2839	3650	2843	2862	2679	2831	2551	2524	2831	2380	2263	4925	3589	2627	1951	7190	3348	2675	2863	1889	1964	2860	2136	2927	2576	3418	2029	4549	2837	8053	4185	2838	1675	9294	2219	2902	5334	1623	2838	2832	1840
GCA_009850905	38675	2932	3241	638	3159	2377	3196	5819	5449	3102	3685	2793	3219	3294	3383	4290	5367	2815	2766	3521	678	4140	2801	1964	2827	3898	4263	2603	2825	4118	3631	2848	3599	2807	4208	2413	3880	4190	2710	3365	2946	4057	4197	4224	3481	4182	3575	2949	213	3345	0	2818	2417	2579	2221	3807	2838	2613	2855	3375	3233	3895	3882	2820	2935	3195	3259	564	3773	3191	2368	2824	2855	3106	558	3846	5416	4630	3804	3204	5652	4083	4298	2829	569	2822	3188	752	7631	2701	2746	4154	4022	3112	4148	2853	2902	4199	4202	3405	2809	4871	2824	4393	3187	2851	2928	2960	2811	3731	3655	2325	2348	3621	3360	5884	2240	3181	4411	3606	3404	2830	3839	4244	2077	4515	3847	2904	2824	6649	4611	2829	3266	7590	3588	3528	4919	3278	2823	2821	3552
223	45417	1308	1704	3086	2637	4229	1079	7546	6866	1665	2994	53	2311	2176	1946	3762	5306	37	1235	2315	3350	3312	57	3145	43	3229	5363	1391	28	3326	2516	65	2454	31	4595	2624	3093	3841	1572	3183	1201	5320	3566	3620	1667	3326	1669	3726	3030	2859	2818	0	3214	3831	1969	3054	47	1401	83	2110	2030	2551	3133	42	1973	1078	1941	3018	3151	3090	1532	45	83	1111	3007	3851	6519	5162	3122	1057	6158	2964	3108	37	3026	38	1034	3444	9317	1540	3786	3480	2890	1014	3640	1715	1246	3586	3662	2438	51	4514	34	3625	1033	98	1156	1182	45	2587	1945	4129	3107	3944	1590	6767	3330	1036	3626	2454	3102	46	2481	3274	1734	3895	3857	3328	39	8106	4636	39	2149	9213	2803	2185	4754	1900	40	56	2024
GCA_016452865	28572	3341	3455	3003	3627	3162	3326	5551	5182	3294	3866	3186	3318	3337	3572	4042	4884	3191	3304	3590	2969	3913	3205	2051	3202	4010	4189	3038	3220	3986	3690	3237	3703	3180	4129	1114	3893	4168	3283	3883	3285	4020	4082	4117	3500	4115	3568	3707	2846	3631	2417	3214	0	2324	2788	3543	3233	2907	3222	3219	3524	3650	3969	3186	2992	3326	3395	2954	3693	3825	2096	3196	3222	3350	2954	3891	5441	4649	3705	3339	4979	4159	3957	3190	2964	3180	3320	3056	6641	3320	1100	3850	3620	3259	4140	3561	3172	4074	4089	3645	3196	4604	3222	4267	3319	3218	3230	3253	3191	3725	3595	3122	523	3447	3512	5087	2189	3309	4341	3703	3646	3222	3848	3988	2765	4520	3908	1446	3191	6053	4397	3227	3536	6587	3518	3654	4743	3487	3192	3196	3565
GCA_018592055	45091	4026	4202	3160	4448	2850	4081	7381	6912	4040	4964	3801	3985	4398	4387	5439	6759	3832	3993	4547	3263	5330	3809	1737	3837	5298	5511	3726	3833	5390	4746	3865	4771	3777	4997	2639	5034	5074	3993	4949	4071	5268	5459	5499	4349	5413	4412	4498	3269	4369	2579	3831	2324	0	3357	4799	3844	3449	3859	3800	4316	4600	5162	3826	3768	4080	4410	3077	4803	4817	3259	3837	3859	3998	3075	4921	7261	5755	4809	4109	6915	5457	5425	3837	3096	3825	4094	3349	9102	3941	2321	5224	5004	3995	5492	4219	3810	5438	5489	4553	3819	6080	3844	5623	4093	3834	3878	3895	3829	4891	4740	2751	2282	4445	4291	6650	2550	4090	5743	4779	4820	3842	5078	5337	3207	5677	4925	2720	3837	7865	5891	3849	4482	9013	4690	4659	6195	4266	3836	3830	4520
